P2: 2.047776e+03 0.000000e+00 9.600000e+02 0.000000e+00 0.000000e+00 2.047776e+03 6.000000e+02 0.000000e+00 0.000000e+00 0.000000e+00 1.000000e+00 0.000000e+00
R0_rect: 1.000000e+00 0.000000e+00 0.000000e+00 0.000000e+00 1.000000e+00 0.000000e+00 0.000000e+00 0.000000e+00 1.000000e+00
Tr_ouster_to_cam: 9.992168770e-01 9.592088080e-03 3.838780910e-02 -1.256000000e+00 -9.599163460e-03 9.999539270e-01 0.000000000e+00 -1.000000000e-01 -3.838604040e-02 -3.684908540e-04 9.992629160e-01 5.000000000e-01